SKMBT_36317040717260_eq1	3	LATEX_REPR
x	719	57	764	99
x	785	23	813	55
a	722	57	725	60
SKMBT_36317040717260_eq10	9	LATEX_REPR
x	534	62	586	97
a	225	54	278	86
x	193	37	214	96
m	593	33	630	54
m	642	31	674	60
m	279	28	316	48
3	324	25	350	97
n	362	22	386	45
x	457	65	487	82
SKMBT_36317040717260_eq11	11	LATEX_REPR
a	285	75	315	91
a	520	58	566	89
a	232	57	278	88
a	286	46	315	79
3	628	45	663	97
m	568	38	594	60
x	188	30	214	101
3	315	29	349	99
n	679	27	707	51
m	357	22	391	47
x	441	58	469	80
SKMBT_36317040717260_eq12	16	LATEX_REPR
a	793	61	837	90
a	255	58	283	81
a	449	57	493	88
a	173	57	221	87
b	982	53	1021	93
3	599	51	632	92
3	318	43	348	84
x	400	39	424	102
x	636	34	667	108
3	348	30	383	99
x	127	26	153	94
2	1030	24	1060	56
a	850	24	872	53
2	911	70	948	78
2	538	67	575	74
x	718	66	746	83
SKMBT_36317040717260_eq13	12	LATEX_REPR
x	343	58	388	87
a	121	57	168	89
a	565	53	611	86
m	174	39	224	58
m	398	33	430	52
m	612	28	648	48
m	703	22	732	47
a	292	86	298	90
+	272	69	305	76
a	289	52	294	58
a	667	31	688	38
x	493	60	522	78
SKMBT_36317040717260_eq14	8	LATEX_REPR
a	471	97	513	125
a	506	76	530	103
a	169	74	226	107
m	269	34	296	70
2	463	58	527	68
a	237	45	259	51
a	491	22	498	51
x	370	78	401	98
SKMBT_36317040717260_eq15	12	LATEX_REPR
3	244	100	275	141
x	448	91	479	135
x	714	84	743	125
a	750	82	788	131
m	346	68	382	104
a	449	34	477	65
a	233	29	278	60
a	703	24	744	56
a	750	23	785	57
2	440	74	498	81
2	218	72	288	80
2	688	64	799	71
SKMBT_36317040717260_eq16	23	LATEX_REPR
3	193	137	229	175
a	1014	130	1059	164
c	751	127	792	164
x	385	121	419	174
3	965	120	995	162
x	585	118	611	159
x	658	94	689	125
a	187	64	234	98
a	569	50	612	81
a	960	49	1004	78
a	386	49	426	84
x	746	37	779	92
x	1003	23	1036	83
a	307	132	315	141
3	291	114	326	122
2	177	110	245	117
2	741	100	797	110
2	380	97	437	106
a	304	95	313	103
2	561	92	625	99
2	944	91	1065	101
x	856	99	894	119
x	491	96	522	114
SKMBT_36317040717260_eq17	12	LATEX_REPR
3	517	131	556	180
m	565	123	596	142
b	210	119	246	161
a	200	55	249	88
a	522	51	570	82
x	170	39	195	166
x	254	37	294	181
m	572	26	597	46
m	292	22	318	45
2	506	101	593	108
+	192	98	253	105
s	411	97	445	116
SKMBT_36317040717260_eq18	6	LATEX_REPR
x	213	47	245	77
a	297	43	340	71
a	160	43	206	80
x	385	25	420	78
a	563	23	608	73
x	484	46	514	64
SKMBT_36317040717260_eq19	10	LATEX_REPR
m	313	60	346	85
a	514	57	550	87
x	429	57	464	91
x	177	56	210	97
a	113	53	162	90
a	596	52	632	89
x	385	37	420	90
a	757	31	801	82
2	229	22	264	54
2	683	53	719	74
SKMBT_36317040717260_eq2	2	LATEX_REPR
x	744	58	777	92
x	678	23	795	95
SKMBT_36317040717260_eq20	8	LATEX_REPR
a	577	79	626	107
a	635	73	675	106
3	309	59	343	104
a	112	57	181	113
m	518	55	555	102
a	356	23	382	58
2	426	76	457	83
x	225	72	263	94
SKMBT_36317040717260_eq21	16	LATEX_REPR
x	484	181	546	210
a	426	171	477	214
x	70	147	106	181
a	753	74	793	106
a	706	74	739	103
a	380	66	406	88
3	311	65	347	108
x	661	62	692	107
x	508	59	538	104
2	544	47	574	74
2	261	130	892	143
2	383	100	412	106
2	268	84	295	91
2	605	79	633	84
+	448	24	807	119
x	168	151	196	171
SKMBT_36317040717260_eq22	20	LATEX_REPR
m	1054	84	1082	108
m	285	81	320	113
a	657	78	688	108
x	97	68	137	104
x	1002	61	1036	94
3	925	61	960	88
m	736	61	765	88
x	611	60	642	89
a	529	54	554	80
x	415	51	450	89
x	1092	36	1132	116
x	375	26	403	102
m	871	85	880	95
a	849	82	857	92
a	833	79	841	90
a	475	71	484	98
2	263	54	322	62
2	95	47	138	55
x	288	23	294	44
s	187	63	214	89
SKMBT_36317040717260_eq23	21	LATEX_REPR
m	57	114	91	134
2	677	96	702	123
2	584	85	620	114
x	266	78	298	108
m	1051	74	1088	112
a	456	73	487	97
x	1148	70	1178	109
3	735	69	775	92
x	547	68	574	94
a	925	65	958	88
x	1000	57	1033	94
3	644	46	682	119
3	359	45	398	134
3	1108	23	1147	108
2	170	126	193	130
3	406	111	413	129
a	321	99	328	121
+	56	90	92	96
a	877	75	884	85
a	855	75	861	84
a	837	75	844	84
SKMBT_36317040717260_eq24	6	LATEX_REPR
x	439	100	466	142
a	357	97	390	120
x	236	88	270	125
2	283	63	311	93
a	493	61	518	94
+	152	22	595	171
SKMBT_36317040717260_eq25	12	LATEX_REPR
x	83	80	104	107
x	97	77	123	141
a	248	74	292	107
x	362	72	392	100
m	663	68	697	97
x	492	53	526	97
x	742	52	778	101
x	319	41	349	117
3	531	37	567	114
2	586	22	614	53
2	435	80	466	86
x	176	86	200	106
SKMBT_36317040717260_eq26	16	LATEX_REPR
x	29	68	47	91
x	41	66	59	122
2	832	63	868	98
a	185	58	234	92
x	618	52	647	84
x	296	52	326	88
x	781	51	815	85
x	431	49	463	83
x	875	25	911	95
x	566	23	592	94
x	513	23	547	86
x	256	22	280	93
a	484	72	490	95
2	699	64	735	72
3	364	60	397	68
x	108	68	130	88
SKMBT_36317040717260_eq27	11	LATEX_REPR
a	397	178	449	214
x	340	161	377	212
x	67	109	102	185
a	318	69	359	100
a	361	65	397	100
x	504	50	537	100
x	268	45	299	99
2	558	23	586	57
2	250	121	601	134
a	449	80	481	87
x	151	127	183	145
SKMBT_36317040717260_eq28	7	LATEX_REPR
n	260	59	296	96
s	191	55	232	96
a	332	24	380	92
a	517	23	568	92
3	241	74	247	90
a	236	57	245	68
x	442	52	470	71
SKMBT_36317040717260_eq29	14	LATEX_REPR
2	544	141	603	184
x	291	126	328	173
3	107	114	151	142
n	186	103	222	140
m	112	100	139	117
2	572	46	615	87
x	511	23	638	93
x	163	116	172	137
2	502	113	641	122
a	160	97	168	104
a	314	67	318	85
a	289	66	298	87
x	440	105	460	118
x	264	42	350	108
SKMBT_36317040717260_eq3	3	LATEX_REPR
x	700	55	735	85
3	636	23	660	52
x	618	22	742	95
SKMBT_36317040717260_eq30	8	LATEX_REPR
a	75	90	106	104
a	119	62	157	102
s	172	61	202	102
m	73	54	108	88
3	426	32	481	95
a	233	23	287	104
a	366	57	376	64
2	351	60	371	80
SKMBT_36317040717260_eq31	14	LATEX_REPR
x	558	154	634	206
a	299	139	346	196
s	204	118	242	159
a	151	114	194	152
a	97	110	137	155
2	335	72	355	81
3	303	68	333	80
3	591	50	634	100
m	535	22	650	106
2	530	123	655	130
2	283	116	363	123
a	333	91	339	102
3	313	90	320	105
m	461	118	484	135
SKMBT_36317040717260_eq32	10	LATEX_REPR
3	285	103	333	155
2	564	95	627	147
a	131	64	169	102
s	178	62	215	104
a	81	59	120	105
2	563	74	634	83
3	323	46	329	60
3	296	43	304	61
x	597	25	603	55
x	270	26	364	86
SKMBT_36317040717260_eq33	13	LATEX_REPR
3	719	147	771	199
a	491	140	529	181
m	397	118	429	142
a	345	115	390	147
3	296	82	341	137
3	749	52	788	95
x	688	23	805	103
2	677	121	813	129
2	468	116	551	125
x	511	91	515	106
3	496	89	500	104
3	480	68	526	81
x	612	111	630	128
SKMBT_36317040717260_eq34	14	LATEX_REPR
m	228	84	263	110
s	155	78	200	115
a	614	61	645	93
a	567	61	600	100
a	475	60	510	92
s	649	59	674	92
a	286	43	311	76
x	333	40	390	109
x	754	29	806	96
2	695	28	722	61
a	210	92	216	113
m	207	79	215	85
x	951	25	960	93
2	873	53	897	71
SKMBT_36317040717260_eq35	16	LATEX_REPR
a	552	142	584	173
s	585	139	611	172
a	518	139	546	172
x	633	125	676	177
m	221	109	256	139
a	173	109	218	138
3	134	82	180	139
x	293	63	337	136
m	590	53	627	82
s	524	51	566	89
x	644	23	682	82
2	503	94	699	107
3	575	65	581	80
a	570	50	579	57
a	661	31	666	39
x	408	91	435	114
SKMBT_36317040717260_eq4	3	LATEX_REPR
x	649	100	683	154
x	643	23	682	55
2	630	71	702	78
SKMBT_36317040717260_eq5	3	LATEX_REPR
2	643	105	690	150
a	650	22	682	62
+	636	76	700	84
SKMBT_36317040717260_eq6	10	LATEX_REPR
3	740	137	769	171
x	684	118	777	166
3	497	100	523	136
x	736	48	779	74
a	491	45	523	66
x	684	27	774	79
s	435	22	532	149
2	680	89	788	99
2	481	77	535	86
x	597	85	624	104
SKMBT_36317040717260_eq7	15	LATEX_REPR
a	208	56	243	84
a	133	55	176	85
3	268	53	294	91
m	365	52	400	81
a	437	49	472	87
a	695	47	724	71
a	598	47	648	77
a	883	41	919	67
a	951	40	986	73
b	829	38	860	73
x	100	34	120	91
a	301	33	333	98
3	990	24	1023	85
x	774	22	801	80
s	522	57	552	76
SKMBT_36317040717260_eq8	12	LATEX_REPR
a	364	64	419	94
a	541	60	578	98
a	709	57	754	87
a	868	51	898	82
3	435	51	472	97
3	824	48	852	82
x	329	39	361	107
3	479	35	510	102
x	781	32	802	85
3	914	24	943	96
a	800	27	809	31
x	636	61	668	82
SKMBT_36317040717260_eq9	12	LATEX_REPR
a	133	54	172	84
a	750	53	792	77
a	537	52	578	79
a	679	50	707	77
a	287	46	314	71
x	232	45	258	79
a	801	44	836	76
a	587	31	620	79
x	191	24	221	92
x	372	23	410	92
a	340	41	365	71
x	459	50	489	68
